1.100E-02 2.086E+00 7.083E-02 6.399E+01 
1.200E-02 1.924E+00 7.413E-02 5.024E+01 
1.300E-02 1.767E+00 7.729E-02 4.021E+01 
1.400E-02 1.609E+00 8.045E-02 3.272E+01 
1.500E-02 1.448E+00 8.373E-02 2.700E+01 
1.600E-02 1.293E+00 8.714E-02 2.251E+01 
1.700E-02 1.162E+00 9.030E-02 1.897E+01 
1.800E-02 1.066E+00 9.285E-02 1.615E+01 
1.900E-02 1.009E+00 9.451E-02 1.386E+01 
2.000E-02 9.893E-01 9.510E-02 7.846E+01 
2.100E-02 9.757E-01 9.543E-02 7.651E+01 
2.200E-02 9.411E-01 9.631E-02 7.162E+01 
2.300E-02 8.936E-01 9.758E-02 6.514E+01 
2.400E-02 8.398E-01 9.909E-02 5.813E+01 
2.500E-02 7.843E-01 1.007E-01 5.128E+01 
2.600E-02 7.304E-01 1.025E-01 4.499E+01 
2.700E-02 6.799E-01 1.042E-01 3.945E+01 
2.800E-02 6.342E-01 1.058E-01 3.470E+01 
2.900E-02 5.936E-01 1.074E-01 3.072E+01 
3.000E-02 5.583E-01 1.087E-01 2.743E+01 
3.100E-02 5.281E-01 1.099E-01 2.474E+01 
3.200E-02 5.019E-01 1.109E-01 2.251E+01 
3.300E-02 4.788E-01 1.117E-01 2.063E+01 
3.400E-02 4.583E-01 1.125E-01 1.902E+01 
3.500E-02 4.396E-01 1.131E-01 1.761E+01 
3.600E-02 4.225E-01 1.137E-01 1.637E+01 
3.700E-02 4.065E-01 1.142E-01 1.525E+01 
3.800E-02 3.916E-01 1.147E-01 1.424E+01 
3.900E-02 3.773E-01 1.151E-01 1.332E+01 
4.000E-02 3.636E-01 1.156E-01 1.246E+01 
4.100E-02 3.504E-01 1.160E-01 1.166E+01 
4.200E-02 3.377E-01 1.164E-01 1.092E+01 
4.300E-02 3.255E-01 1.168E-01 1.023E+01 
4.400E-02 3.139E-01 1.172E-01 9.597E+00 
4.500E-02 3.027E-01 1.175E-01 9.007E+00 
4.600E-02 2.921E-01 1.179E-01 8.462E+00 
4.700E-02 2.819E-01 1.182E-01 7.958E+00 
4.800E-02 2.723E-01 1.185E-01 7.493E+00 
4.900E-02 2.631E-01 1.188E-01 7.063E+00 
5.000E-02 2.544E-01 1.190E-01 6.666E+00 
5.100E-02 2.461E-01 1.192E-01 6.299E+00 
5.200E-02 2.383E-01 1.194E-01 5.960E+00 
5.300E-02 2.308E-01 1.196E-01 5.645E+00 
5.400E-02 2.237E-01 1.198E-01 5.353E+00 
5.500E-02 2.170E-01 1.199E-01 5.081E+00 
5.600E-02 2.105E-01 1.200E-01 4.827E+00 
5.700E-02 2.043E-01 1.202E-01 4.590E+00 
5.800E-02 1.984E-01 1.202E-01 4.368E+00 
5.900E-02 1.928E-01 1.203E-01 4.161E+00 
6.000E-02 1.874E-01 1.204E-01 3.966E+00 
6.100E-02 1.822E-01 1.204E-01 3.783E+00 
6.200E-02 1.772E-01 1.205E-01 3.611E+00 
6.300E-02 1.725E-01 1.205E-01 3.449E+00 
6.400E-02 1.679E-01 1.206E-01 3.296E+00 
6.500E-02 1.635E-01 1.206E-01 3.153E+00 
6.600E-02 1.593E-01 1.206E-01 3.017E+00 
6.700E-02 1.552E-01 1.206E-01 2.889E+00 
6.800E-02 1.513E-01 1.206E-01 2.768E+00 
6.900E-02 1.476E-01 1.205E-01 2.654E+00 
7.000E-02 1.440E-01 1.205E-01 2.546E+00 
7.100E-02 1.405E-01 1.205E-01 2.444E+00 
7.200E-02 1.371E-01 1.205E-01 2.347E+00 
7.300E-02 1.339E-01 1.204E-01 2.255E+00 
7.400E-02 1.308E-01 1.204E-01 2.167E+00 
7.500E-02 1.278E-01 1.203E-01 2.085E+00 
7.600E-02 1.249E-01 1.202E-01 2.006E+00 
7.700E-02 1.221E-01 1.202E-01 1.931E+00 
7.800E-02 1.194E-01 1.201E-01 1.860E+00 
7.900E-02 1.168E-01 1.200E-01 1.792E+00 
8.000E-02 1.142E-01 1.200E-01 1.728E+00 
8.100E-02 1.118E-01 1.199E-01 1.667E+00 
8.200E-02 1.094E-01 1.198E-01 1.608E+00 
8.300E-02 1.072E-01 1.197E-01 1.552E+00 
8.400E-02 1.049E-01 1.196E-01 1.499E+00 
8.500E-02 1.028E-01 1.195E-01 1.448E+00 
8.600E-02 1.007E-01 1.194E-01 1.400E+00 
8.700E-02 9.871E-02 1.193E-01 1.353E+00 
8.800E-02 9.676E-02 1.192E-01 1.309E+00 
8.900E-02 9.487E-02 1.191E-01 1.267E+00 
9.000E-02 9.303E-02 1.190E-01 1.226E+00 
9.100E-02 9.125E-02 1.188E-01 1.187E+00 
9.200E-02 8.952E-02 1.187E-01 1.150E+00 
9.300E-02 8.784E-02 1.186E-01 1.114E+00 
9.400E-02 8.621E-02 1.185E-01 1.080E+00 
9.500E-02 8.463E-02 1.183E-01 1.047E+00 
9.600E-02 8.309E-02 1.182E-01 1.015E+00 
9.700E-02 8.159E-02 1.181E-01 9.848E-01 
9.800E-02 8.013E-02 1.180E-01 9.557E-01 
9.900E-02 7.871E-02 1.178E-01 9.277E-01 
1.000E-01 7.733E-02 1.177E-01 9.007E-01 
1.010E-01 7.599E-02 1.176E-01 8.749E-01 
1.020E-01 7.468E-02 1.174E-01 8.499E-01 
1.030E-01 7.341E-02 1.173E-01 8.260E-01 
1.040E-01 7.217E-02 1.171E-01 8.029E-01 
1.050E-01 7.096E-02 1.170E-01 7.806E-01 
1.060E-01 6.978E-02 1.169E-01 7.592E-01 
1.070E-01 6.863E-02 1.167E-01 7.386E-01 
1.080E-01 6.751E-02 1.166E-01 7.187E-01 
1.090E-01 6.642E-02 1.164E-01 6.995E-01 
1.100E-01 6.535E-02 1.163E-01 6.809E-01 
